0 0.318359 0.765278 0.316406 0.768056 0.315430 0.788889 0.315430 0.815278 0.316406 0.819444 0.318359 0.825000 0.323242 0.825000 0.326172 0.820833 0.328125 0.820833 0.329102 0.818056 0.331055 0.813889 0.332031 0.811111 0.333984 0.809722 0.331055 0.806944 0.330078 0.797222 0.329102 0.797222 0.327148 0.794444 0.326172 0.790278 0.325195 0.783333 0.325195 0.777778 0.325195 0.765278 0.318359 0.765278
0 0.372070 0.625000 0.368164 0.627778 0.369141 0.631944 0.373047 0.631944 0.372070 0.625000
0 0.368164 0.547222 0.368164 0.551389 0.370117 0.556944 0.369141 0.563889 0.371094 0.566667 0.370117 0.575000 0.372070 0.577778 0.373047 0.547222 0.368164 0.547222
0 0.382812 0.512500 0.384766 0.513889 0.388672 0.512500 0.382812 0.512500
0 0.367188 0.486111 0.367188 0.490278 0.369141 0.493056 0.373047 0.491667 0.373047 0.486111 0.367188 0.486111
0 0.402344 0.484722 0.400391 0.486111 0.398438 0.488889 0.399414 0.498611 0.401367 0.498611 0.403320 0.500000 0.404297 0.497222 0.404297 0.484722 0.402344 0.484722
0 0.355469 0.470833 0.357422 0.473611 0.357422 0.469444 0.355469 0.470833
0 0.335938 0.406944 0.335938 0.412500 0.337891 0.415278 0.337891 0.419444 0.338867 0.422222 0.339844 0.425000 0.341797 0.426389 0.342773 0.423611 0.342773 0.420833 0.341797 0.418056 0.343750 0.412500 0.342773 0.405556 0.335938 0.406944
0 0.453125 0.298611 0.454102 0.306944 0.455078 0.304167 0.456055 0.298611 0.453125 0.298611
0 0.399414 0.179167 0.399414 0.181944 0.399414 0.186111 0.402344 0.186111 0.403320 0.191667 0.400391 0.193056 0.404297 0.193056 0.405273 0.194444 0.410156 0.193056 0.410156 0.190278 0.408203 0.187500 0.407227 0.183333 0.402344 0.179167 0.401367 0.175000 0.399414 0.179167
0 0.398438 0.161111 0.400391 0.162500 0.402344 0.161111 0.398438 0.161111
0 0.407227 0.155556 0.405273 0.156944 0.405273 0.170833 0.407227 0.172222 0.417969 0.170833 0.419922 0.169444 0.420898 0.162500 0.419922 0.156944 0.417969 0.155556 0.407227 0.155556
0 0.429688 0.112500 0.429688 0.115278 0.433594 0.113889 0.433594 0.111111 0.429688 0.112500
0 0.431641 0.088889 0.430664 0.093056 0.428711 0.095833 0.429688 0.100000 0.432617 0.100000 0.434570 0.098611 0.435547 0.094444 0.432617 0.091667 0.431641 0.088889
0 0.101562 0.000000 0.102539 0.002778 0.104492 0.000000 0.108398 0.000000 0.109375 0.004167 0.108398 0.012500 0.109375 0.015278 0.111328 0.018056 0.112305 0.015278 0.115234 0.012500 0.113281 0.009722 0.115234 0.005556 0.114258 0.000000 0.452148 0.000000 0.453125 0.002778 0.457031 0.004167 0.463867 0.005556 0.459961 0.006944 0.458008 0.009722 0.458008 0.020833 0.456055 0.022222 0.455078 0.027778 0.456055 0.029167 0.455078 0.036111 0.455078 0.040278 0.458008 0.044444 0.456055 0.044444 0.454102 0.037500 0.452148 0.034722 0.450195 0.034722 0.448242 0.036111 0.444336 0.041667 0.442383 0.041667 0.440430 0.044444 0.442383 0.048611 0.444336 0.047222 0.446289 0.044444 0.449219 0.045833 0.451172 0.048611 0.451172 0.052778 0.448242 0.055556 0.449219 0.059722 0.445312 0.061111 0.442383 0.056944 0.438477 0.061111 0.437500 0.072222 0.435547 0.079167 0.435547 0.084722 0.430664 0.086111 0.428711 0.079167 0.426758 0.077778 0.424805 0.077778 0.422852 0.080556 0.422852 0.086111 0.419922 0.087500 0.417969 0.090278 0.421875 0.093056 0.421875 0.098611 0.419922 0.101389 0.415039 0.102778 0.416992 0.104167 0.419922 0.108333 0.420898 0.112500 0.417969 0.115278 0.416016 0.116667 0.412109 0.113889 0.410156 0.115278 0.401367 0.116667 0.400391 0.122222 0.403320 0.126389 0.408203 0.120833 0.410156 0.123611 0.412109 0.125000 0.416016 0.122222 0.416992 0.126389 0.416016 0.129167 0.415039 0.130556 0.414062 0.130556 0.412109 0.133333 0.410156 0.133333 0.409180 0.129167 0.404297 0.127778 0.402344 0.130556 0.400391 0.131944 0.394531 0.130556 0.392578 0.131944 0.390625 0.134722 0.390625 0.138889 0.388672 0.138889 0.387695 0.140278 0.383789 0.140278 0.381836 0.143056 0.383789 0.144444 0.379883 0.145833 0.375977 0.147222 0.374023 0.148611 0.372070 0.150000 0.370117 0.152778 0.373047 0.155556 0.374023 0.159722 0.370117 0.163889 0.368164 0.163889 0.370117 0.170833 0.374023 0.172222 0.374023 0.175000 0.370117 0.177778 0.362305 0.177778 0.359375 0.179167 0.356445 0.183333 0.360352 0.184722 0.363281 0.190278 0.368164 0.188889 0.372070 0.188889 0.370117 0.193056 0.365234 0.193056 0.364258 0.197222 0.366211 0.200000 0.358398 0.202778 0.357422 0.198611 0.356445 0.197222 0.354492 0.195833 0.347656 0.195833 0.345703 0.197222 0.343750 0.198611 0.341797 0.201389 0.342773 0.204167 0.340820 0.206944 0.337891 0.208333 0.336914 0.209722 0.335938 0.212500 0.335938 0.225000 0.334961 0.233333 0.332031 0.250000 0.331055 0.258333 0.331055 0.261111 0.332031 0.273611 0.335938 0.279167 0.333984 0.279167 0.332031 0.280556 0.331055 0.281944 0.330078 0.284722 0.329102 0.287500 0.328125 0.301389 0.329102 0.320833 0.327148 0.338889 0.327148 0.359722 0.329102 0.372222 0.328125 0.384722 0.328125 0.400000 0.329102 0.404167 0.331055 0.406944 0.331055 0.430556 0.333008 0.436111 0.333008 0.448611 0.335938 0.463889 0.335938 0.472222 0.338867 0.480556 0.338867 0.506944 0.338867 0.559722 0.336914 0.570833 0.336914 0.593056 0.334961 0.608333 0.334961 0.616667 0.334961 0.623611 0.335938 0.655556 0.334961 0.663889 0.333984 0.669444 0.332031 0.672222 0.332031 0.676389 0.330078 0.679167 0.329102 0.679167 0.325195 0.686111 0.322266 0.686111 0.320312 0.679167 0.319336 0.661111 0.319336 0.641667 0.321289 0.593056 0.321289 0.569444 0.320312 0.554167 0.319336 0.547222 0.318359 0.540278 0.317383 0.534722 0.316406 0.530556 0.315430 0.526389 0.309570 0.518056 0.308594 0.515278 0.308594 0.508333 0.309570 0.504167 0.312500 0.501389 0.311523 0.497222 0.313477 0.493056 0.316406 0.490278 0.317383 0.486111 0.319336 0.473611 0.319336 0.462500 0.317383 0.452778 0.317383 0.443056 0.314453 0.426389 0.312500 0.408333 0.312500 0.398611 0.311523 0.391667 0.309570 0.388889 0.308594 0.384722 0.305664 0.373611 0.305664 0.369444 0.303711 0.365278 0.303711 0.361111 0.301758 0.354167 0.297852 0.344444 0.296875 0.337500 0.294922 0.331944 0.293945 0.329167 0.292969 0.327778 0.289062 0.322222 0.285156 0.312500 0.282227 0.308333 0.279297 0.308333 0.275391 0.302778 0.272461 0.295833 0.268555 0.290278 0.263672 0.287500 0.259766 0.283333 0.252930 0.273611 0.250977 0.272222 0.248047 0.272222 0.243164 0.268056 0.238281 0.261111 0.236328 0.259722 0.218750 0.259722 0.215820 0.255556 0.214844 0.252778 0.214844 0.250000 0.217773 0.245833 0.218750 0.236111 0.215820 0.231944 0.215820 0.227778 0.217773 0.220833 0.216797 0.216667 0.218750 0.213889 0.218750 0.208333 0.221680 0.205556 0.223633 0.201389 0.223633 0.197222 0.220703 0.193056 0.216797 0.188889 0.213867 0.184722 0.211914 0.184722 0.210938 0.179167 0.208008 0.177778 0.208008 0.172222 0.210938 0.170833 0.212891 0.169444 0.214844 0.172222 0.217773 0.169444 0.215820 0.166667 0.212891 0.169444 0.210938 0.170833 0.211914 0.166667 0.209961 0.163889 0.208984 0.159722 0.209961 0.151389 0.209961 0.148611 0.208984 0.147222 0.208984 0.143056 0.206055 0.138889 0.204102 0.138889 0.202148 0.136111 0.202148 0.134722 0.201172 0.133333 0.199219 0.131944 0.195312 0.130556 0.194336 0.126389 0.190430 0.120833 0.189453 0.115278 0.191406 0.106944 0.191406 0.083333 0.190430 0.079167 0.188477 0.076389 0.187500 0.072222 0.186523 0.068056 0.186523 0.055556 0.183594 0.051389 0.181641 0.050000 0.179688 0.048611 0.176758 0.048611 0.178711 0.047222 0.179688 0.045833 0.185547 0.044444 0.179688 0.041667 0.171875 0.041667 0.167969 0.044444 0.169922 0.048611 0.167969 0.048611 0.166992 0.047222 0.165039 0.047222 0.162109 0.051389 0.159180 0.051389 0.157227 0.052778 0.154297 0.055556 0.151367 0.059722 0.153320 0.062500 0.154297 0.062500 0.154297 0.077778 0.152344 0.080556 0.152344 0.086111 0.149414 0.087500 0.149414 0.091667 0.146484 0.095833 0.142578 0.093056 0.139648 0.093056 0.136719 0.091667 0.135742 0.087500 0.131836 0.081944 0.130859 0.079167 0.130859 0.075000 0.129883 0.070833 0.125977 0.065278 0.123047 0.065278 0.118164 0.061111 0.115234 0.058333 0.113281 0.055556 0.113281 0.054167 0.111328 0.051389 0.107422 0.050000 0.105469 0.047222 0.105469 0.043056 0.108398 0.043056 0.115234 0.044444 0.113281 0.041667 0.114258 0.036111 0.112305 0.033333 0.111328 0.029167 0.111328 0.027778 0.111328 0.020833 0.109375 0.025000 0.111328 0.027778 0.111328 0.029167 0.109375 0.031944 0.108398 0.043056 0.105469 0.043056 0.104492 0.040278 0.102539 0.037500 0.099609 0.034722 0.098633 0.034722 0.098633 0.030556 0.099609 0.030556 0.099609 0.026389 0.098633 0.026389 0.099609 0.020833 0.097656 0.018056 0.098633 0.015278 0.099609 0.015278 0.101562 0.012500 0.098633 0.009722 0.098633 0.006944 0.100586 0.005556 0.098633 0.002778 0.098633 0.000000 0.101562 0.000000
0 0.088867 0.000000 0.086914 0.005556 0.088867 0.008333 0.088867 0.011111 0.083984 0.018056 0.086914 0.019444 0.087891 0.020833 0.089844 0.025000 0.092773 0.025000 0.093750 0.020833 0.093750 0.015278 0.092773 0.000000 0.088867 0.000000
1 0.320312 0.763889 0.316406 0.766667 0.315430 0.772222 0.314453 0.784722 0.315430 0.798611 0.314453 0.805556 0.315430 0.819444 0.316406 0.822222 0.317383 0.825000 0.324219 0.826389 0.327148 0.825000 0.329102 0.823611 0.330078 0.822222 0.330078 0.820833 0.332031 0.818056 0.332031 0.815278 0.334961 0.808333 0.333984 0.798611 0.332031 0.797222 0.329102 0.797222 0.326172 0.793056 0.325195 0.790278 0.325195 0.786111 0.324219 0.784722 0.324219 0.781944 0.326172 0.779167 0.325195 0.765278 0.323242 0.763889 0.320312 0.763889
1 0.247070 0.258333 0.246094 0.262500 0.244141 0.262500 0.247070 0.261111 0.247070 0.258333
1 0.290039 0.240278 0.292969 0.243056 0.291016 0.245833 0.287109 0.248611 0.285156 0.251389 0.287109 0.255556 0.287109 0.263889 0.286133 0.269444 0.289062 0.276389 0.289062 0.279167 0.287109 0.287500 0.285156 0.287500 0.283203 0.286111 0.279297 0.280556 0.276367 0.280556 0.272461 0.275000 0.271484 0.270833 0.271484 0.266667 0.266602 0.268056 0.261719 0.266667 0.258789 0.268056 0.256836 0.269444 0.257812 0.273611 0.259766 0.275000 0.259766 0.279167 0.261719 0.279167 0.263672 0.281944 0.264648 0.281944 0.265625 0.284722 0.267578 0.287500 0.270508 0.287500 0.273438 0.291667 0.273438 0.294444 0.275391 0.298611 0.278320 0.302778 0.283203 0.305556 0.288086 0.312500 0.289062 0.316667 0.292969 0.322222 0.294922 0.327778 0.295898 0.330556 0.297852 0.338889 0.300781 0.344444 0.303711 0.355556 0.303711 0.361111 0.304688 0.365278 0.306641 0.368056 0.306641 0.375000 0.308594 0.384722 0.312500 0.398611 0.313477 0.406944 0.318359 0.448611 0.319336 0.461111 0.319336 0.477778 0.317383 0.484722 0.317383 0.493056 0.315430 0.497222 0.317383 0.500000 0.317383 0.502778 0.316406 0.505556 0.314453 0.508333 0.310547 0.506944 0.309570 0.509722 0.309570 0.518056 0.314453 0.525000 0.315430 0.527778 0.316406 0.530556 0.317383 0.537500 0.318359 0.543056 0.319336 0.551389 0.320312 0.563889 0.320312 0.593056 0.319336 0.665278 0.320312 0.679167 0.322266 0.686111 0.326172 0.686111 0.328125 0.684722 0.329102 0.683333 0.332031 0.677778 0.333008 0.675000 0.333984 0.670833 0.334961 0.666667 0.335938 0.661111 0.335938 0.608333 0.336914 0.587500 0.336914 0.575000 0.336914 0.570833 0.338867 0.561111 0.337891 0.526389 0.337891 0.523611 0.338867 0.516667 0.337891 0.481944 0.334961 0.470833 0.334961 0.462500 0.333984 0.454167 0.332031 0.448611 0.331055 0.434722 0.331055 0.423611 0.330078 0.415278 0.329102 0.408333 0.327148 0.402778 0.326172 0.393056 0.326172 0.383333 0.324219 0.373611 0.323242 0.356944 0.323242 0.348611 0.324219 0.347222 0.324219 0.337500 0.326172 0.330556 0.326172 0.301389 0.328125 0.286111 0.329102 0.272222 0.328125 0.262500 0.328125 0.258333 0.328125 0.241667 0.321289 0.243056 0.321289 0.245833 0.319336 0.250000 0.319336 0.263889 0.317383 0.266667 0.316406 0.275000 0.317383 0.279167 0.316406 0.294444 0.314453 0.302778 0.313477 0.311111 0.308594 0.309722 0.308594 0.308333 0.306641 0.306944 0.304688 0.304167 0.303711 0.300000 0.302734 0.295833 0.302734 0.283333 0.300781 0.279167 0.300781 0.268056 0.298828 0.263889 0.298828 0.254167 0.294922 0.247222 0.294922 0.241667 0.292969 0.241667 0.291992 0.240278 0.290039 0.240278
