1 0.547852 0.391667 0.545898 0.395833 0.545898 0.404167 0.543945 0.409722 0.543945 0.412500 0.544922 0.413889 0.545898 0.419444 0.545898 0.427778 0.547852 0.430556 0.547852 0.433333 0.546875 0.434722 0.546875 0.437500 0.549805 0.443056 0.550781 0.447222 0.550781 0.455556 0.552734 0.463889 0.552734 0.468056 0.551758 0.469444 0.551758 0.472222 0.551758 0.481944 0.551758 0.487500 0.553711 0.502778 0.553711 0.531944 0.555664 0.540278 0.555664 0.550000 0.556641 0.556944 0.558594 0.562500 0.559570 0.569444 0.559570 0.580556 0.561523 0.587500 0.561523 0.595833 0.563477 0.604167 0.563477 0.626389 0.565430 0.640278 0.565430 0.662500 0.566406 0.680556 0.567383 0.688889 0.568359 0.694444 0.570312 0.697222 0.593750 0.697222 0.602539 0.695833 0.606445 0.693056 0.607422 0.690278 0.607422 0.656944 0.609375 0.654167 0.612305 0.644444 0.612305 0.641667 0.610352 0.637500 0.610352 0.633333 0.610352 0.611111 0.610352 0.602778 0.611328 0.584722 0.613281 0.568056 0.613281 0.545833 0.613281 0.543056 0.615234 0.531944 0.614258 0.529167 0.616211 0.523611 0.616211 0.508333 0.617188 0.498611 0.620117 0.476389 0.622070 0.470833 0.622070 0.463889 0.625000 0.452778 0.625000 0.445833 0.627930 0.441667 0.628906 0.438889 0.626953 0.437500 0.624023 0.436111 0.621094 0.430556 0.623047 0.426389 0.622070 0.423611 0.618164 0.425000 0.617188 0.423611 0.613281 0.423611 0.612305 0.422222 0.609375 0.422222 0.608398 0.423611 0.606445 0.423611 0.605469 0.426389 0.605469 0.430556 0.604492 0.434722 0.600586 0.438889 0.601562 0.451389 0.599609 0.469444 0.598633 0.486111 0.599609 0.488889 0.597656 0.500000 0.597656 0.512500 0.596680 0.527778 0.592773 0.547222 0.590820 0.550000 0.585938 0.541667 0.584961 0.534722 0.583984 0.527778 0.583984 0.516667 0.582031 0.502778 0.581055 0.500000 0.576172 0.497222 0.571289 0.495833 0.570312 0.493056 0.569336 0.490278 0.569336 0.481944 0.571289 0.470833 0.571289 0.463889 0.571289 0.461111 0.573242 0.452778 0.572266 0.452778 0.570312 0.450000 0.570312 0.443056 0.570312 0.440278 0.563477 0.430556 0.565430 0.426389 0.562500 0.422222 0.561523 0.419444 0.560547 0.415278 0.560547 0.409722 0.553711 0.400000 0.553711 0.394444 0.552734 0.391667 0.547852 0.391667
0 0.718750 0.436111 0.716797 0.438889 0.718750 0.441667 0.721680 0.441667 0.723633 0.440278 0.723633 0.437500 0.721680 0.436111 0.718750 0.436111
0 0.782227 0.247222 0.786133 0.247222 0.784180 0.245833 0.782227 0.247222
0 0.783203 0.237500 0.782227 0.240278 0.784180 0.240278 0.783203 0.237500
0 0.751953 0.237500 0.750000 0.243056 0.751953 0.248611 0.754883 0.245833 0.752930 0.244444 0.753906 0.238889 0.751953 0.237500
0 0.766602 0.218056 0.765625 0.220833 0.765625 0.227778 0.767578 0.231944 0.767578 0.236111 0.766602 0.237500 0.766602 0.241667 0.768555 0.240278 0.768555 0.237500 0.767578 0.234722 0.767578 0.227778 0.770508 0.223611 0.772461 0.223611 0.776367 0.225000 0.775391 0.222222 0.771484 0.222222 0.769531 0.219444 0.766602 0.218056
0 0.735352 0.209722 0.733398 0.211111 0.734375 0.218056 0.737305 0.216667 0.737305 0.213889 0.736328 0.212500 0.735352 0.209722
0 0.751953 0.206944 0.750000 0.215278 0.750000 0.218056 0.750977 0.220833 0.750000 0.229167 0.752930 0.231944 0.751953 0.227778 0.753906 0.225000 0.754883 0.223611 0.755859 0.220833 0.754883 0.218056 0.751953 0.212500 0.751953 0.206944
0 0.782227 0.198611 0.782227 0.201389 0.784180 0.198611 0.782227 0.198611
0 0.765625 0.187500 0.764648 0.190278 0.764648 0.194444 0.766602 0.197222 0.766602 0.202778 0.769531 0.200000 0.769531 0.194444 0.770508 0.194444 0.772461 0.193056 0.777344 0.193056 0.777344 0.190278 0.775391 0.188889 0.771484 0.187500 0.767578 0.186111 0.765625 0.187500
0 0.750000 0.169444 0.749023 0.175000 0.747070 0.177778 0.743164 0.173611 0.741211 0.176389 0.742188 0.180556 0.738281 0.181944 0.737305 0.179167 0.735352 0.175000 0.734375 0.177778 0.734375 0.186111 0.739258 0.184722 0.741211 0.184722 0.747070 0.184722 0.749023 0.186111 0.750977 0.190278 0.749023 0.200000 0.750977 0.202778 0.752930 0.202778 0.754883 0.201389 0.755859 0.194444 0.757812 0.193056 0.760742 0.191667 0.758789 0.190278 0.755859 0.187500 0.757812 0.184722 0.755859 0.180556 0.757812 0.177778 0.759766 0.176389 0.757812 0.175000 0.751953 0.169444 0.750000 0.169444
0 0.781250 0.155556 0.781250 0.158333 0.782227 0.172222 0.780273 0.183333 0.781250 0.195833 0.783203 0.195833 0.785156 0.194444 0.786133 0.188889 0.788086 0.186111 0.791992 0.184722 0.788086 0.183333 0.786133 0.180556 0.790039 0.179167 0.791992 0.177778 0.791016 0.173611 0.787109 0.175000 0.784180 0.169444 0.788086 0.165278 0.789062 0.162500 0.789062 0.159722 0.789062 0.155556 0.784180 0.154167 0.781250 0.155556
0 0.765625 0.141667 0.766602 0.154167 0.772461 0.154167 0.774414 0.152778 0.770508 0.151389 0.770508 0.147222 0.777344 0.147222 0.776367 0.143056 0.772461 0.141667 0.769531 0.141667 0.768555 0.140278 0.765625 0.141667
0 0.797852 0.127778 0.796875 0.130556 0.799805 0.129167 0.797852 0.127778
0 0.782227 0.127778 0.782227 0.130556 0.790039 0.129167 0.788086 0.126389 0.782227 0.127778
0 0.600586 0.073611 0.604492 0.075000 0.608398 0.076389 0.615234 0.079167 0.622070 0.083333 0.624023 0.086111 0.624023 0.087500 0.625977 0.090278 0.630859 0.093056 0.635742 0.097222 0.637695 0.100000 0.637695 0.102778 0.638672 0.105556 0.640625 0.109722 0.644531 0.113889 0.642578 0.118056 0.644531 0.120833 0.648438 0.120833 0.653320 0.123611 0.659180 0.122222 0.667969 0.123611 0.669922 0.125000 0.671875 0.127778 0.672852 0.130556 0.674805 0.136111 0.676758 0.138889 0.680664 0.140278 0.685547 0.140278 0.687500 0.141667 0.690430 0.147222 0.693359 0.150000 0.695312 0.151389 0.701172 0.151389 0.705078 0.154167 0.703125 0.156944 0.704102 0.159722 0.705078 0.159722 0.707031 0.161111 0.702148 0.163889 0.689453 0.165278 0.691406 0.168056 0.688477 0.173611 0.691406 0.176389 0.687500 0.180556 0.689453 0.183333 0.691406 0.183333 0.697266 0.183333 0.699219 0.181944 0.701172 0.179167 0.702148 0.176389 0.702148 0.172222 0.700195 0.169444 0.698242 0.169444 0.694336 0.169444 0.696289 0.168056 0.697266 0.166667 0.701172 0.166667 0.705078 0.168056 0.708008 0.172222 0.713867 0.169444 0.715820 0.166667 0.713867 0.162500 0.709961 0.161111 0.711914 0.158333 0.711914 0.154167 0.716797 0.152778 0.718750 0.154167 0.713867 0.156944 0.715820 0.159722 0.720703 0.161111 0.718750 0.161111 0.715820 0.165278 0.716797 0.168056 0.719727 0.169444 0.719727 0.173611 0.721680 0.176389 0.720703 0.180556 0.722656 0.183333 0.722656 0.184722 0.726562 0.190278 0.728516 0.190278 0.729492 0.193056 0.727539 0.193056 0.723633 0.195833 0.722656 0.198611 0.722656 0.201389 0.724609 0.205556 0.721680 0.208333 0.718750 0.209722 0.720703 0.216667 0.717773 0.219444 0.714844 0.218056 0.714844 0.222222 0.715820 0.226389 0.716797 0.223611 0.717773 0.222222 0.717773 0.219444 0.720703 0.216667 0.722656 0.218056 0.728516 0.216667 0.730469 0.220833 0.732422 0.226389 0.730469 0.227778 0.726562 0.227778 0.728516 0.230556 0.730469 0.227778 0.732422 0.226389 0.735352 0.223611 0.737305 0.231944 0.732422 0.230556 0.727539 0.233333 0.728516 0.238889 0.729492 0.240278 0.733398 0.241667 0.735352 0.238889 0.737305 0.245833 0.730469 0.247222 0.724609 0.250000 0.714844 0.251389 0.710938 0.252778 0.703125 0.251389 0.701172 0.238889 0.696289 0.236111 0.698242 0.237500 0.699219 0.238889 0.701172 0.238889 0.703125 0.251389 0.705078 0.254167 0.706055 0.254167 0.707031 0.258333 0.708984 0.261111 0.710938 0.252778 0.714844 0.251389 0.722656 0.255556 0.725586 0.261111 0.728516 0.262500 0.722656 0.265278 0.717773 0.263889 0.714844 0.263889 0.712891 0.266667 0.714844 0.269444 0.714844 0.275000 0.717773 0.272222 0.720703 0.270833 0.724609 0.276389 0.726562 0.277778 0.730469 0.279167 0.726562 0.280556 0.728516 0.284722 0.729492 0.287500 0.727539 0.287500 0.726562 0.288889 0.724609 0.290278 0.726562 0.293056 0.727539 0.293056 0.728516 0.297222 0.730469 0.300000 0.730469 0.301389 0.733398 0.301389 0.734375 0.297222 0.735352 0.294444 0.737305 0.297222 0.737305 0.298611 0.739258 0.301389 0.744141 0.300000 0.743164 0.305556 0.747070 0.311111 0.750000 0.308333 0.751953 0.308333 0.750977 0.311111 0.750000 0.311111 0.751953 0.318056 0.754883 0.325000 0.761719 0.334722 0.762695 0.337500 0.763672 0.340278 0.761719 0.344444 0.762695 0.348611 0.760742 0.350000 0.758789 0.350000 0.756836 0.351389 0.754883 0.354167 0.753906 0.359722 0.752930 0.362500 0.748047 0.365278 0.745117 0.365278 0.743164 0.366667 0.741211 0.369444 0.742188 0.372222 0.743164 0.376389 0.743164 0.379167 0.740234 0.384722 0.740234 0.395833 0.737305 0.397222 0.734375 0.401389 0.733398 0.406944 0.732422 0.411111 0.729492 0.413889 0.727539 0.423611 0.726562 0.426389 0.724609 0.429167 0.723633 0.429167 0.719727 0.433333 0.717773 0.429167 0.713867 0.429167 0.712891 0.430556 0.708984 0.429167 0.707031 0.431944 0.707031 0.434722 0.708984 0.437500 0.714844 0.438889 0.705078 0.440278 0.703125 0.438889 0.704102 0.431944 0.701172 0.427778 0.688477 0.427778 0.684570 0.429167 0.680664 0.433333 0.676758 0.433333 0.675781 0.438889 0.670898 0.441667 0.665039 0.443056 0.658203 0.444444 0.653320 0.441667 0.649414 0.441667 0.641602 0.443056 0.636719 0.440278 0.628906 0.440278 0.626953 0.441667 0.625000 0.443056 0.623047 0.445833 0.623047 0.451389 0.620117 0.456944 0.619141 0.459722 0.619141 0.472222 0.618164 0.480556 0.615234 0.493056 0.615234 0.508333 0.614258 0.513889 0.612305 0.519444 0.611328 0.527778 0.597656 0.527778 0.599609 0.511111 0.600586 0.495833 0.600586 0.490278 0.598633 0.486111 0.598633 0.481944 0.600586 0.477778 0.598633 0.473611 0.596680 0.472222 0.593750 0.472222 0.591797 0.468056 0.593750 0.468056 0.595703 0.465278 0.593750 0.463889 0.590820 0.458333 0.588867 0.456944 0.585938 0.456944 0.581055 0.459722 0.578125 0.458333 0.576172 0.456944 0.573242 0.461111 0.573242 0.463889 0.571289 0.466667 0.574219 0.469444 0.572266 0.470833 0.570312 0.473611 0.570312 0.476389 0.570312 0.491667 0.571289 0.494444 0.573242 0.497222 0.576172 0.498611 0.579102 0.498611 0.581055 0.500000 0.581055 0.505556 0.583008 0.512500 0.583008 0.523611 0.585938 0.531944 0.585938 0.544444 0.588867 0.550000 0.588867 0.555556 0.589844 0.565278 0.590820 0.568056 0.595703 0.569444 0.594727 0.562500 0.596680 0.561111 0.595703 0.555556 0.597656 0.554167 0.597656 0.545833 0.597656 0.527778 0.611328 0.527778 0.612305 0.534722 0.611328 0.536111 0.611328 0.544444 0.613281 0.548611 0.612305 0.568056 0.610352 0.590278 0.610352 0.601389 0.610352 0.606944 0.611328 0.608333 0.611328 0.612500 0.610352 0.613889 0.610352 0.616667 0.607422 0.618056 0.610352 0.622222 0.610352 0.627778 0.609375 0.637500 0.611328 0.640278 0.611328 0.644444 0.610352 0.647222 0.608398 0.650000 0.607422 0.654167 0.606445 0.658333 0.606445 0.688889 0.605469 0.691667 0.603516 0.694444 0.598633 0.695833 0.592773 0.697222 0.587891 0.697222 0.586914 0.695833 0.583008 0.695833 0.575195 0.698611 0.572266 0.698611 0.569336 0.694444 0.568359 0.691667 0.567383 0.687500 0.566406 0.675000 0.565430 0.661111 0.565430 0.656944 0.566406 0.644444 0.564453 0.634722 0.564453 0.619444 0.563477 0.606944 0.562500 0.597222 0.560547 0.588889 0.559570 0.580556 0.559570 0.568056 0.556641 0.543056 0.555664 0.537500 0.553711 0.533333 0.553711 0.529167 0.553711 0.516667 0.554688 0.505556 0.552734 0.487500 0.553711 0.477778 0.552734 0.463889 0.551758 0.456944 0.550781 0.451389 0.549805 0.444444 0.548828 0.441667 0.547852 0.440278 0.543945 0.436111 0.541992 0.434722 0.540039 0.433333 0.536133 0.437500 0.534180 0.437500 0.535156 0.434722 0.530273 0.433333 0.525391 0.434722 0.520508 0.440278 0.514648 0.441667 0.511719 0.441667 0.507812 0.440278 0.504883 0.438889 0.500977 0.433333 0.497070 0.429167 0.484375 0.429167 0.482422 0.431944 0.480469 0.430556 0.477539 0.429167 0.469727 0.429167 0.466797 0.431944 0.464844 0.431944 0.458984 0.427778 0.455078 0.422222 0.453125 0.425000 0.453125 0.426389 0.449219 0.427778 0.447266 0.425000 0.446289 0.422222 0.446289 0.394444 0.445312 0.390278 0.444336 0.384722 0.442383 0.381944 0.440430 0.380556 0.438477 0.379167 0.434570 0.380556 0.432617 0.377778 0.432617 0.375000 0.434570 0.372222 0.434570 0.369444 0.430664 0.363889 0.430664 0.358333 0.431641 0.356944 0.431641 0.351389 0.430664 0.341667 0.433594 0.337500 0.433594 0.333333 0.437500 0.322222 0.437500 0.319444 0.435547 0.311111 0.432617 0.309722 0.432617 0.302778 0.431641 0.290278 0.429688 0.287500 0.429688 0.281944 0.427734 0.279167 0.427734 0.269444 0.428711 0.261111 0.429688 0.256944 0.430664 0.252778 0.432617 0.247222 0.435547 0.241667 0.436523 0.238889 0.436523 0.236111 0.437500 0.233333 0.441406 0.227778 0.440430 0.216667 0.441406 0.212500 0.439453 0.208333 0.438477 0.201389 0.440430 0.197222 0.439453 0.190278 0.440430 0.187500 0.442383 0.184722 0.443359 0.179167 0.442383 0.169444 0.442383 0.165278 0.443359 0.156944 0.444336 0.152778 0.445312 0.148611 0.446289 0.145833 0.449219 0.138889 0.452148 0.134722 0.453125 0.130556 0.456055 0.126389 0.458984 0.125000 0.460938 0.122222 0.460938 0.120833 0.461914 0.119444 0.465820 0.116667 0.467773 0.113889 0.468750 0.109722 0.470703 0.108333 0.473633 0.108333 0.478516 0.101389 0.481445 0.101389 0.483398 0.100000 0.485352 0.097222 0.488281 0.095833 0.494141 0.093056 0.506836 0.093056 0.512695 0.091667 0.517578 0.088889 0.536133 0.090278 0.543945 0.090278 0.552734 0.086111 0.561523 0.080556 0.564453 0.079167 0.571289 0.077778 0.577148 0.077778 0.580078 0.075000 0.583008 0.076389 0.585938 0.073611 0.600586 0.073611
